t = 1:0.01:100;

dt = 200*cos(2*pi*t);

C = [1, 0];
A = [0, 1; -4*pi*2, 0];

s = [0, 3363.9, 0;
    0, 16819.5, 0];

rx = [3363.9*v; 16819.5*v];

dz = (A - s*g2*C)z + A*rx - s*(g2*C*rx + fx + gx)