g = 9.81;
m = 1650;

f0 = 0.1;
f1 = 5;
f2 = 0.25;
ca = 1;
cd = 1;
Th = 1.8;
vl = 14;
vd = 24;

T = 20;
t_step = 0.01;

x0 = [0;20;100];
x_c = x0;
% clf 参数
alpha_v = 5;
beta_c = 5;
beta_e = 10;
beta = 1/300;

cnt = 1;

C = [1, 0];
A = [0, 1; 
    -4*pi^2, 0];
k = 1;
sx = [0, 3363.9, 0;
    0, 16819.5, 0]/k;
rx = [3363.9; 16819.5]/k;
z0 = [0;0];
doz = z0;
hat_d = 0;